obsIndex	edge	p_none	p_forward	p_backward	graphType	condition	response_sample	response_max	pid
0	AB	0.36	0.32	0.32	common_cause	explanations_only	backward	none	2
1	AB	0.3897	0.0515	0.5588	common_cause	explanations_only	none	backward	2
2	AB	0.2776	0.0078	0.7146	common_cause	explanations_only	backward	backward	2
3	AB	0.0344	0.0	0.9656	common_cause	explanations_only	backward	backward	2
4	AB	0.02	0.0	0.98	common_cause	explanations_only	backward	backward	2
5	AB	0.0118	0.0	0.9882	common_cause	explanations_only	backward	backward	2
6	AB	0.0692	0.0	0.9308	common_cause	explanations_only	backward	backward	2
7	AB	0.0573	0.0	0.9427	common_cause	explanations_only	backward	backward	2
8	AB	0.0405	0.0	0.9595	common_cause	explanations_only	backward	backward	2
9	AB	0.0328	0.0	0.9672	common_cause	explanations_only	backward	backward	2
10	AB	0.0045	0.0	0.9955	common_cause	explanations_only	backward	backward	2
0	AC	0.36	0.32	0.32	common_cause	explanations_only	none	none	2
1	AC	0.4327	0.2527	0.3147	common_cause	explanations_only	none	none	2
2	AC	0.4881	0.1909	0.321	common_cause	explanations_only	backward	none	2
3	AC	0.5529	0.1415	0.3056	common_cause	explanations_only	backward	none	2
4	AC	0.6985	0.1221	0.1794	common_cause	explanations_only	none	none	2
5	AC	0.8124	0.0928	0.0949	common_cause	explanations_only	none	none	2
6	AC	0.3123	0.4628	0.2249	common_cause	explanations_only	forward	forward	2
7	AC	0.3245	0.4454	0.2301	common_cause	explanations_only	none	forward	2
8	AC	0.3401	0.4668	0.1932	common_cause	explanations_only	none	forward	2
9	AC	0.3555	0.488	0.1565	common_cause	explanations_only	none	forward	2
10	AC	0.3434	0.625	0.0316	common_cause	explanations_only	none	forward	2
0	BC	0.36	0.32	0.32	common_cause	explanations_only	backward	none	2
1	BC	0.4045	0.3514	0.2441	common_cause	explanations_only	forward	none	2
2	BC	0.4833	0.2995	0.2172	common_cause	explanations_only	none	none	2
3	BC	0.5987	0.2477	0.1535	common_cause	explanations_only	none	none	2
4	BC	0.6889	0.1943	0.1168	common_cause	explanations_only	none	none	2
5	BC	0.7854	0.1353	0.0793	common_cause	explanations_only	none	none	2
6	BC	0.2144	0.7856	0.0	common_cause	explanations_only	forward	forward	2
7	BC	0.2227	0.7773	0.0	common_cause	explanations_only	none	forward	2
8	BC	0.2334	0.7666	0.0	common_cause	explanations_only	forward	forward	2
9	BC	0.244	0.756	0.0	common_cause	explanations_only	none	forward	2
10	BC	0.3025	0.6975	0.0	common_cause	explanations_only	forward	forward	2
0	AB	0.36	0.32	0.32	common_effect	explanations_only	none	none	2
1	AB	0.0682	0.9318	0.0	common_effect	explanations_only	forward	forward	2
2	AB	0.0386	0.9614	0.0	common_effect	explanations_only	forward	forward	2
3	AB	0.0426	0.9574	0.0	common_effect	explanations_only	forward	forward	2
4	AB	0.0355	0.9645	0.0	common_effect	explanations_only	none	forward	2
5	AB	0.063	0.937	0.0	common_effect	explanations_only	forward	forward	2
6	AB	0.0305	0.9695	0.0	common_effect	explanations_only	forward	forward	2
7	AB	0.0503	0.9497	0.0	common_effect	explanations_only	forward	forward	2
8	AB	0.0094	0.9906	0.0	common_effect	explanations_only	forward	forward	2
9	AB	0.0068	0.9932	0.0	common_effect	explanations_only	forward	forward	2
10	AB	0.003	0.997	0.0	common_effect	explanations_only	forward	forward	2
0	AC	0.36	0.32	0.32	common_effect	explanations_only	backward	none	2
1	AC	0.4364	0.3597	0.2039	common_effect	explanations_only	none	none	2
2	AC	0.5526	0.2751	0.1723	common_effect	explanations_only	backward	none	2
3	AC	0.5918	0.2352	0.173	common_effect	explanations_only	none	none	2
4	AC	0.6849	0.1811	0.134	common_effect	explanations_only	none	none	2
5	AC	0.6089	0.2006	0.1905	common_effect	explanations_only	none	none	2
6	AC	0.7279	0.1342	0.1378	common_effect	explanations_only	none	none	2
7	AC	0.6669	0.1858	0.1472	common_effect	explanations_only	forward	none	2
8	AC	0.6908	0.0346	0.2745	common_effect	explanations_only	none	none	2
9	AC	0.828	0.0251	0.1469	common_effect	explanations_only	none	none	2
10	AC	0.8892	0.0154	0.0954	common_effect	explanations_only	none	none	2
0	BC	0.36	0.32	0.32	common_effect	explanations_only	forward	none	2
1	BC	0.3699	0.1852	0.4449	common_effect	explanations_only	backward	backward	2
2	BC	0.4034	0.1429	0.4537	common_effect	explanations_only	none	backward	2
3	BC	0.2871	0.0218	0.691	common_effect	explanations_only	backward	backward	2
4	BC	0.159	0.0027	0.8383	common_effect	explanations_only	none	backward	2
5	BC	0.0587	0.0	0.9413	common_effect	explanations_only	backward	backward	2
6	BC	0.0424	0.0	0.9576	common_effect	explanations_only	backward	backward	2
7	BC	0.1202	0.0	0.8798	common_effect	explanations_only	backward	backward	2
8	BC	0.2241	0.0	0.7759	common_effect	explanations_only	backward	backward	2
9	BC	0.1088	0.0	0.8912	common_effect	explanations_only	backward	backward	2
10	BC	0.0707	0.0	0.9293	common_effect	explanations_only	backward	backward	2
0	AB	0.36	0.32	0.32	line	explanations_only	none	none	2
1	AB	0.0797	0.9203	0.0	line	explanations_only	forward	forward	2
2	AB	0.0475	0.9525	0.0	line	explanations_only	forward	forward	2
3	AB	0.0299	0.9701	0.0	line	explanations_only	forward	forward	2
4	AB	0.0	1.0	0.0	line	explanations_only	forward	forward	2
5	AB	0.0	1.0	0.0	line	explanations_only	forward	forward	2
6	AB	0.0	1.0	0.0	line	explanations_only	forward	forward	2
7	AB	0.0	1.0	0.0	line	explanations_only	forward	forward	2
8	AB	0.0	1.0	0.0	line	explanations_only	forward	forward	2
9	AB	0.0	1.0	0.0	line	explanations_only	forward	forward	2
10	AB	0.0	1.0	0.0	line	explanations_only	forward	forward	2
0	AC	0.36	0.32	0.32	line	explanations_only	forward	none	2
1	AC	0.3786	0.4151	0.2062	line	explanations_only	backward	forward	2
2	AC	0.4859	0.3305	0.1836	line	explanations_only	forward	none	2
3	AC	0.5977	0.2491	0.1532	line	explanations_only	none	none	2
4	AC	0.0	0.0	1.0	line	explanations_only	backward	backward	2
5	AC	0.0	0.0	1.0	line	explanations_only	backward	backward	2
6	AC	0.0	0.0	1.0	line	explanations_only	backward	backward	2
7	AC	0.0	0.0	1.0	line	explanations_only	backward	backward	2
8	AC	0.0	0.0	1.0	line	explanations_only	backward	backward	2
9	AC	0.0	0.0	1.0	line	explanations_only	backward	backward	2
10	AC	0.0	0.0	1.0	line	explanations_only	backward	backward	2
0	BC	0.36	0.32	0.32	line	explanations_only	backward	none	2
1	BC	0.4298	0.236	0.3342	line	explanations_only	none	none	2
2	BC	0.4943	0.1908	0.3149	line	explanations_only	backward	none	2
3	BC	0.5519	0.1413	0.3069	line	explanations_only	backward	none	2
4	BC	0.5419	0.0	0.4581	line	explanations_only	backward	none	2
5	BC	0.5783	0.0	0.4217	line	explanations_only	none	none	2
6	BC	0.6338	0.0	0.3662	line	explanations_only	backward	none	2
7	BC	0.5632	0.0	0.4368	line	explanations_only	none	none	2
8	BC	0.5992	0.0	0.4008	line	explanations_only	none	none	2
9	BC	0.6341	0.0	0.3659	line	explanations_only	backward	none	2
10	BC	0.5635	0.0	0.4365	line	explanations_only	none	none	2
0	AB	0.36	0.32	0.32	pair	explanations_only	forward	none	2
1	AB	0.4293	0.3092	0.2614	pair	explanations_only	none	none	2
2	AB	0.4833	0.2995	0.2172	pair	explanations_only	backward	none	2
3	AB	0.439	0.2819	0.2792	pair	explanations_only	forward	none	2
4	AB	0.5154	0.2468	0.2378	pair	explanations_only	backward	none	2
5	AB	0.5392	0.4169	0.0439	pair	explanations_only	forward	none	2
6	AB	0.6411	0.3254	0.0335	pair	explanations_only	none	none	2
7	AB	0.5471	0.4479	0.005	pair	explanations_only	forward	none	2
8	AB	0.5003	0.494	0.0057	pair	explanations_only	none	none	2
9	AB	0.5952	0.4002	0.0046	pair	explanations_only	none	none	2
10	AB	0.6925	0.304	0.0035	pair	explanations_only	none	none	2
0	AC	0.36	0.32	0.32	pair	explanations_only	forward	none	2
1	AC	0.3377	0.5914	0.0709	pair	explanations_only	forward	forward	2
2	AC	0.2776	0.7146	0.0078	pair	explanations_only	none	forward	2
3	AC	0.365	0.6285	0.0065	pair	explanations_only	forward	forward	2
4	AC	0.2828	0.7165	0.0007	pair	explanations_only	none	forward	2
5	AC	0.3412	0.6583	0.0005	pair	explanations_only	forward	forward	2
6	AC	0.2462	0.7537	0.0001	pair	explanations_only	forward	forward	2
7	AC	0.3168	0.6832	0.0001	pair	explanations_only	forward	forward	2
8	AC	0.3851	0.6148	0.0	pair	explanations_only	none	forward	2
9	AC	0.2956	0.7044	0.0	pair	explanations_only	forward	forward	2
10	AC	0.2016	0.7984	0.0	pair	explanations_only	forward	forward	2
0	BC	0.36	0.32	0.32	pair	explanations_only	none	none	2
1	BC	0.3921	0.3961	0.2118	pair	explanations_only	forward	forward	2
2	BC	0.4881	0.321	0.1909	pair	explanations_only	none	none	2
3	BC	0.5278	0.443	0.0291	pair	explanations_only	none	none	2
4	BC	0.6496	0.3243	0.0261	pair	explanations_only	none	none	2
5	BC	0.6819	0.279	0.0391	pair	explanations_only	none	none	2
6	BC	0.7828	0.1842	0.033	pair	explanations_only	none	none	2
7	BC	0.7592	0.1985	0.0422	pair	explanations_only	forward	none	2
8	BC	0.6999	0.2914	0.0087	pair	explanations_only	none	none	2
9	BC	0.7907	0.2017	0.0076	pair	explanations_only	none	none	2
10	BC	0.8427	0.152	0.0053	pair	explanations_only	none	none	2
0	AB	0.36	0.32	0.32	separate	explanations_only	none	none	2
1	AB	0.4327	0.3147	0.2527	separate	explanations_only	none	none	2
2	AB	0.55	0.3114	0.1385	separate	explanations_only	backward	none	2
3	AB	0.575	0.0804	0.3446	separate	explanations_only	none	none	2
4	AB	0.6234	0.0671	0.3095	separate	explanations_only	none	none	2
5	AB	0.5528	0.008	0.4392	separate	explanations_only	none	none	2
6	AB	0.6201	0.007	0.373	separate	explanations_only	none	none	2
7	AB	0.4965	0.0009	0.5026	separate	explanations_only	none	backward	2
8	AB	0.5871	0.0008	0.4121	separate	explanations_only	none	none	2
9	AB	0.4647	0.0001	0.5352	separate	explanations_only	backward	backward	2
10	AB	0.5972	0.0	0.4028	separate	explanations_only	none	none	2
0	AC	0.36	0.32	0.32	separate	explanations_only	none	none	2
1	AC	0.4045	0.2441	0.3514	separate	explanations_only	forward	none	2
2	AC	0.4152	0.4982	0.0866	separate	explanations_only	none	forward	2
3	AC	0.5845	0.2774	0.1381	separate	explanations_only	none	none	2
4	AC	0.6293	0.2861	0.0846	separate	explanations_only	none	none	2
5	AC	0.7446	0.1965	0.059	separate	explanations_only	none	none	2
6	AC	0.7858	0.1693	0.0449	separate	explanations_only	none	none	2
7	AC	0.8227	0.122	0.0553	separate	explanations_only	none	none	2
8	AC	0.8462	0.108	0.0459	separate	explanations_only	none	none	2
9	AC	0.8564	0.0855	0.0581	separate	explanations_only	none	none	2
10	AC	0.9324	0.013	0.0546	separate	explanations_only	none	none	2
0	BC	0.36	0.32	0.32	separate	explanations_only	none	none	2
1	BC	0.3897	0.0515	0.5588	separate	explanations_only	backward	backward	2
2	BC	0.4914	0.0641	0.4445	separate	explanations_only	none	none	2
3	BC	0.6205	0.0603	0.3192	separate	explanations_only	none	none	2
4	BC	0.775	0.1391	0.0859	separate	explanations_only	forward	none	2
5	BC	0.8369	0.1127	0.0504	separate	explanations_only	none	none	2
6	BC	0.8326	0.1581	0.0093	separate	explanations_only	backward	none	2
7	BC	0.8787	0.1153	0.006	separate	explanations_only	none	none	2
8	BC	0.8334	0.1655	0.001	separate	explanations_only	none	none	2
9	BC	0.8787	0.1206	0.0007	separate	explanations_only	none	none	2
10	BC	0.8816	0.1177	0.0007	separate	explanations_only	none	none	2
0	AB	0.36	0.32	0.32	skip	explanations_only	backward	none	2
1	AB	0.4045	0.3514	0.2441	skip	explanations_only	backward	none	2
2	AB	0.0175	0.0	0.9825	skip	explanations_only	backward	backward	2
3	AB	0.2178	0.0	0.7822	skip	explanations_only	backward	backward	2
4	AB	0.3869	0.0	0.6131	skip	explanations_only	none	backward	2
5	AB	0.3538	0.0	0.6462	skip	explanations_only	none	backward	2
6	AB	0.422	0.0	0.578	skip	explanations_only	backward	backward	2
7	AB	0.494	0.0	0.506	skip	explanations_only	none	backward	2
8	AB	0.4077	0.0	0.5923	skip	explanations_only	backward	backward	2
9	AB	0.32	0.0	0.68	skip	explanations_only	none	backward	2
10	AB	0.2358	0.0	0.7642	skip	explanations_only	backward	backward	2
0	AC	0.36	0.32	0.32	skip	explanations_only	forward	none	2
1	AC	0.3897	0.5588	0.0515	skip	explanations_only	none	forward	2
2	AC	0.4891	0.4649	0.0461	skip	explanations_only	none	none	2
3	AC	0.3618	0.0	0.6382	skip	explanations_only	backward	backward	2
4	AC	0.0643	0.0	0.9357	skip	explanations_only	backward	backward	2
5	AC	0.0849	0.0	0.9151	skip	explanations_only	backward	backward	2
6	AC	0.0805	0.0	0.9195	skip	explanations_only	backward	backward	2
7	AC	0.0652	0.0	0.9348	skip	explanations_only	backward	backward	2
8	AC	0.0693	0.0	0.9307	skip	explanations_only	backward	backward	2
9	AC	0.0701	0.0	0.9299	skip	explanations_only	backward	backward	2
10	AC	0.0665	0.0	0.9335	skip	explanations_only	backward	backward	2
0	BC	0.36	0.32	0.32	skip	explanations_only	backward	none	2
1	BC	0.4327	0.3147	0.2527	skip	explanations_only	none	none	2
2	BC	0.5073	0.4458	0.0469	skip	explanations_only	forward	none	2
3	BC	0.1605	0.4331	0.4064	skip	explanations_only	backward	forward	2
4	BC	0.1584	0.7694	0.0722	skip	explanations_only	forward	forward	2
5	BC	0.1162	0.7906	0.0932	skip	explanations_only	forward	forward	2
6	BC	0.077	0.8346	0.0883	skip	explanations_only	forward	forward	2
7	BC	0.0501	0.8767	0.0732	skip	explanations_only	backward	forward	2
8	BC	0.09	0.8317	0.0783	skip	explanations_only	forward	forward	2
9	BC	0.1536	0.7666	0.0798	skip	explanations_only	forward	forward	2
10	BC	0.2463	0.6774	0.0763	skip	explanations_only	none	forward	2
0	AB	0.36	0.32	0.32	common_cause	both	backward	none	3
1	AB	0.7195	0.0719	0.2086	common_cause	both	backward	none	3
2	AB	0.4975	0.005	0.4975	common_cause	both	none	none	3
3	AB	0.4762	0.0052	0.5186	common_cause	both	backward	backward	3
4	AB	0.893	0.0097	0.0973	common_cause	both	none	none	3
5	AB	0.9676	0.0115	0.021	common_cause	both	none	none	3
6	AB	0.9648	0.0125	0.0228	common_cause	both	none	none	3
7	AB	0.9757	0.0013	0.023	common_cause	both	none	none	3
8	AB	0.9736	0.0014	0.025	common_cause	both	none	none	3
9	AB	0.9735	0.0015	0.025	common_cause	both	none	none	3
10	AB	0.9735	0.0015	0.025	common_cause	both	none	none	3
0	AC	0.36	0.32	0.32	common_cause	both	forward	none	3
1	AC	0.6778	0.1032	0.219	common_cause	both	backward	none	3
2	AC	0.0	0.0	1.0	common_cause	both	backward	backward	3
3	AC	0.0	0.0	1.0	common_cause	both	backward	backward	3
4	AC	0.0	0.0	1.0	common_cause	both	backward	backward	3
5	AC	-0.0	0.0	1.0	common_cause	both	backward	backward	3
6	AC	0.0	0.0	1.0	common_cause	both	backward	backward	3
7	AC	0.0	0.0	1.0	common_cause	both	backward	backward	3
8	AC	0.0	0.0	1.0	common_cause	both	backward	backward	3
9	AC	0.0	0.0	1.0	common_cause	both	backward	backward	3
10	AC	0.0	0.0	1.0	common_cause	both	backward	backward	3
0	BC	0.36	0.32	0.32	common_cause	both	backward	none	3
1	BC	0.0	0.0	1.0	common_cause	both	backward	backward	3
2	BC	0.0	0.0	1.0	common_cause	both	backward	backward	3
3	BC	0.0	0.0	1.0	common_cause	both	backward	backward	3
4	BC	0.0	0.0	1.0	common_cause	both	backward	backward	3
5	BC	-0.0	0.0	1.0	common_cause	both	backward	backward	3
6	BC	0.0	0.0	1.0	common_cause	both	backward	backward	3
7	BC	0.0	0.0	1.0	common_cause	both	backward	backward	3
8	BC	0.0	0.0	1.0	common_cause	both	backward	backward	3
9	BC	0.0	0.0	1.0	common_cause	both	backward	backward	3
10	BC	0.0	0.0	1.0	common_cause	both	backward	backward	3
0	AB	0.36	0.32	0.32	common_effect	both	backward	none	3
1	AB	0.6991	0.0908	0.2101	common_effect	both	none	none	3
2	AB	0.7599	0.0204	0.2197	common_effect	both	forward	none	3
3	AB	0.0	0.0	1.0	common_effect	both	backward	backward	3
4	AB	0.0	0.0	1.0	common_effect	both	backward	backward	3
5	AB	-0.0	0.0	1.0	common_effect	both	backward	backward	3
6	AB	0.0	0.0	1.0	common_effect	both	backward	backward	3
7	AB	-0.0	0.0	1.0	common_effect	both	backward	backward	3
8	AB	0.0	0.0	1.0	common_effect	both	backward	backward	3
9	AB	0.0	0.0	1.0	common_effect	both	backward	backward	3
10	AB	0.0	0.0	1.0	common_effect	both	backward	backward	3
0	AC	0.36	0.32	0.32	common_effect	both	forward	none	3
1	AC	0.677	0.1074	0.2156	common_effect	both	none	none	3
2	AC	0.5785	0.0216	0.3999	common_effect	both	backward	none	3
3	AC	0.099	0.0006	0.9004	common_effect	both	backward	backward	3
4	AC	0.0988	0.001	0.9001	common_effect	both	backward	backward	3
5	AC	0.0986	0.002	0.8993	common_effect	both	none	backward	3
6	AC	0.0989	0.0007	0.9004	common_effect	both	none	backward	3
7	AC	0.0989	0.0001	0.9009	common_effect	both	backward	backward	3
8	AC	0.0	0.0	1.0	common_effect	both	backward	backward	3
9	AC	0.0	0.0	1.0	common_effect	both	backward	backward	3
10	AC	0.0	0.0	1.0	common_effect	both	backward	backward	3
0	BC	0.36	0.32	0.32	common_effect	both	none	none	3
1	BC	0.3522	0.0589	0.5889	common_effect	both	none	backward	3
2	BC	0.7378	0.0274	0.2348	common_effect	both	backward	none	3
3	BC	0.9335	0.0061	0.0605	common_effect	both	none	none	3
4	BC	0.8845	0.0113	0.1042	common_effect	both	none	none	3
5	BC	0.9578	0.0219	0.0203	common_effect	both	none	none	3
6	BC	0.9594	0.004	0.0366	common_effect	both	backward	none	3
7	BC	0.9859	0.0073	0.0068	common_effect	both	none	none	3
8	BC	0.9973	0.0015	0.0012	common_effect	both	none	none	3
9	BC	0.9995	0.0003	0.0002	common_effect	both	none	none	3
10	BC	0.9994	0.0005	0.0	common_effect	both	none	none	3
0	AB	0.36	0.32	0.32	line	both	forward	none	3
1	AB	0.5502	0.0852	0.3646	line	both	none	none	3
2	AB	0.5473	0.0129	0.4398	line	both	backward	none	3
3	AB	0.5246	0.0232	0.4521	line	both	backward	none	3
4	AB	0.2718	0.0032	0.725	line	both	backward	backward	3
5	AB	0.0	0.0	1.0	line	both	backward	backward	3
6	AB	0.0	0.0	1.0	line	both	backward	backward	3
7	AB	0.0	0.0	1.0	line	both	backward	backward	3
8	AB	0.0	0.0	1.0	line	both	backward	backward	3
9	AB	0.0	0.0	1.0	line	both	backward	backward	3
10	AB	0.0	0.0	1.0	line	both	backward	backward	3
0	AC	0.36	0.32	0.32	line	both	backward	none	3
1	AC	0.2403	0.0752	0.6845	line	both	forward	backward	3
2	AC	0.1611	0.0706	0.7683	line	both	backward	backward	3
3	AC	0.3574	0.2462	0.3964	line	both	forward	backward	3
4	AC	0.4638	0.0516	0.4846	line	both	backward	backward	3
5	AC	0.8279	0.0211	0.1511	line	both	backward	none	3
6	AC	0.0	1.0	0.0	line	both	forward	forward	3
7	AC	0.0	1.0	0.0	line	both	forward	forward	3
8	AC	0.0	1.0	0.0	line	both	forward	forward	3
9	AC	0.0	1.0	0.0	line	both	forward	forward	3
10	AC	0.0	1.0	0.0	line	both	forward	forward	3
0	BC	0.36	0.32	0.32	line	both	backward	none	3
1	BC	0.715	0.1627	0.1223	line	both	forward	none	3
2	BC	0.5893	0.2316	0.1791	line	both	forward	none	3
3	BC	0.4798	0.3613	0.1589	line	both	forward	none	3
4	BC	0.8441	0.0991	0.0568	line	both	forward	none	3
5	BC	0.9701	0.0245	0.0054	line	both	none	none	3
6	BC	0.9018	0.0982	0.0	line	both	none	none	3
7	BC	0.894	0.106	0.0	line	both	none	none	3
8	BC	0.894	0.106	0.0	line	both	none	none	3
9	BC	0.9883	0.0117	0.0	line	both	none	none	3
10	BC	0.9883	0.0117	0.0	line	both	none	none	3
0	AB	0.36	0.32	0.32	pair	both	forward	none	3
1	AB	0.3522	0.0589	0.5889	pair	both	none	backward	3
2	AB	0.7213	0.0231	0.2555	pair	both	backward	none	3
3	AB	0.9338	0.0061	0.0602	pair	both	none	none	3
4	AB	0.9872	0.0013	0.0115	pair	both	none	none	3
5	AB	0.9792	0.0002	0.0205	pair	both	none	none	3
6	AB	0.9958	0.0	0.0042	pair	both	none	none	3
7	AB	0.9983	0.0001	0.0016	pair	both	none	none	3
8	AB	0.9997	0.0	0.0003	pair	both	none	none	3
9	AB	0.9999	0.0	0.0001	pair	both	none	none	3
10	AB	1.0	0.0	0.0	pair	both	none	none	3
0	AC	0.36	0.32	0.32	pair	both	none	none	3
1	AC	0.6991	0.2101	0.0908	pair	both	backward	none	3
2	AC	0.0	1.0	0.0	pair	both	forward	forward	3
3	AC	-0.0	1.0	0.0	pair	both	forward	forward	3
4	AC	-0.0	1.0	0.0	pair	both	forward	forward	3
5	AC	0.0	1.0	0.0	pair	both	forward	forward	3
6	AC	0.0	1.0	0.0	pair	both	forward	forward	3
7	AC	0.0	1.0	0.0	pair	both	forward	forward	3
8	AC	0.0	1.0	0.0	pair	both	forward	forward	3
9	AC	0.0	1.0	0.0	pair	both	forward	forward	3
10	AC	0.0	1.0	0.0	pair	both	forward	forward	3
0	BC	0.36	0.32	0.32	pair	both	forward	none	3
1	BC	0.677	0.2156	0.1074	pair	both	backward	none	3
2	BC	0.4942	0.4942	0.0116	pair	both	forward	none	3
3	BC	0.9041	0.0904	0.0055	pair	both	none	none	3
4	BC	0.9888	0.0099	0.0013	pair	both	none	none	3
5	BC	0.9897	0.0099	0.0004	pair	both	none	none	3
6	BC	0.99	0.0099	0.0001	pair	both	none	none	3
7	BC	0.9979	0.002	0.0001	pair	both	none	none	3
8	BC	0.9998	0.0002	0.0	pair	both	none	none	3
9	BC	0.9997	0.0002	0.0001	pair	both	none	none	3
10	BC	0.9998	0.0002	0.0	pair	both	none	none	3
0	AB	0.36	0.32	0.32	separate	both	backward	none	3
1	AB	0.4053	0.5463	0.0484	separate	both	none	forward	3
2	AB	0.5188	0.2607	0.2205	separate	both	none	none	3
3	AB	0.4324	0.5169	0.0506	separate	both	forward	forward	3
4	AB	0.7875	0.2025	0.01	separate	both	none	none	3
5	AB	0.9724	0.0251	0.0025	separate	both	none	none	3
6	AB	0.9948	0.0043	0.0009	separate	both	none	none	3
7	AB	0.9909	0.0075	0.0016	separate	both	none	none	3
8	AB	0.9958	0.0014	0.0028	separate	both	none	none	3
9	AB	0.9968	0.0024	0.0008	separate	both	none	none	3
10	AB	0.9989	0.0004	0.0006	separate	both	none	none	3
0	AC	0.36	0.32	0.32	separate	both	none	none	3
1	AC	0.2909	0.408	0.3011	separate	both	none	forward	3
2	AC	0.5973	0.1623	0.2404	separate	both	forward	none	3
3	AC	0.8683	0.0489	0.0828	separate	both	none	none	3
4	AC	0.8947	0.0931	0.0122	separate	both	none	none	3
5	AC	0.9791	0.0182	0.0027	separate	both	none	none	3
6	AC	0.9912	0.0037	0.0051	separate	both	none	none	3
7	AC	0.9843	0.0067	0.009	separate	both	none	none	3
8	AC	0.9722	0.0118	0.016	separate	both	none	none	3
9	AC	0.9529	0.0208	0.0264	separate	both	none	none	3
10	AC	0.9906	0.0044	0.005	separate	both	none	none	3
0	BC	0.36	0.32	0.32	separate	both	backward	none	3
1	BC	0.3216	0.2704	0.408	separate	both	forward	backward	3
2	BC	0.5933	0.1252	0.2816	separate	both	none	none	3
3	BC	0.6822	0.035	0.2828	separate	both	backward	none	3
4	BC	0.8797	0.0084	0.112	separate	both	none	none	3
5	BC	0.9772	0.0181	0.0047	separate	both	none	none	3
6	BC	0.9958	0.0037	0.0005	separate	both	none	none	3
7	BC	0.9932	0.0067	0.0001	separate	both	none	none	3
8	BC	0.988	0.0118	0.0001	separate	both	none	none	3
9	BC	0.9789	0.0208	0.0003	separate	both	none	none	3
10	BC	0.9955	0.0044	0.0	separate	both	none	none	3
0	AB	0.36	0.32	0.32	skip	both	backward	none	3
1	AB	0.5502	0.0852	0.3646	skip	both	none	none	3
2	AB	0.5973	0.1623	0.2404	skip	both	backward	none	3
3	AB	0.1013	0.0	0.8987	skip	both	none	backward	3
4	AB	0.281	0.0	0.719	skip	both	backward	backward	3
5	AB	0.2862	0.0	0.7138	skip	both	none	backward	3
6	AB	0.3094	0.0	0.6906	skip	both	none	backward	3
7	AB	0.0283	0.0	0.9717	skip	both	backward	backward	3
8	AB	0.0358	0.0	0.9642	skip	both	backward	backward	3
9	AB	0.036	0.0	0.964	skip	both	backward	backward	3
10	AB	0.0583	0.0	0.9417	skip	both	backward	backward	3
0	AC	0.36	0.32	0.32	skip	both	forward	none	3
1	AC	0.2403	0.0752	0.6845	skip	both	backward	backward	3
2	AC	0.5188	0.2607	0.2205	skip	both	backward	none	3
3	AC	0.3357	0.2474	0.4169	skip	both	none	backward	3
4	AC	0.0528	0.0	0.9472	skip	both	backward	backward	3
5	AC	0.0598	0.0	0.9402	skip	both	backward	backward	3
6	AC	0.0581	0.0	0.9419	skip	both	backward	backward	3
7	AC	0.0538	0.0	0.9462	skip	both	backward	backward	3
8	AC	0.068	0.0	0.932	skip	both	backward	backward	3
9	AC	0.0761	0.0	0.9239	skip	both	backward	backward	3
10	AC	0.0	0.0	1.0	skip	both	backward	backward	3
0	BC	0.36	0.32	0.32	skip	both	none	none	3
1	BC	0.715	0.1627	0.1223	skip	both	none	none	3
2	BC	0.5933	0.2816	0.1252	skip	both	forward	none	3
3	BC	0.4883	0.4714	0.0404	skip	both	none	none	3
4	BC	0.2677	0.6213	0.111	skip	both	forward	forward	3
5	BC	0.1683	0.7061	0.1256	skip	both	none	forward	3
6	BC	0.1011	0.7632	0.1357	skip	both	forward	forward	3
7	BC	0.4679	0.4065	0.1257	skip	both	none	none	3
8	BC	0.3282	0.5132	0.1587	skip	both	forward	forward	3
9	BC	0.204	0.6184	0.1776	skip	both	backward	forward	3
10	BC	0.0	1.0	0.0	skip	both	forward	forward	3
0	AB	0.36	0.32	0.32	common_cause	both	none	none	4
1	AB	0.3097	0.4125	0.2778	common_cause	both	none	forward	4
2	AB	0.274	0.4606	0.2654	common_cause	both	backward	forward	4
3	AB	0.3659	0.0804	0.5537	common_cause	both	none	backward	4
4	AB	0.604	0.2746	0.1214	common_cause	both	none	none	4
5	AB	0.3032	0.4552	0.2416	common_cause	both	backward	forward	4
6	AB	0.3118	0.1054	0.5828	common_cause	both	backward	backward	4
7	AB	0.5008	0.321	0.1782	common_cause	both	none	none	4
8	AB	0.0174	0.9826	0.0	common_cause	both	forward	forward	4
9	AB	0.0174	0.9826	0.0	common_cause	both	forward	forward	4
10	AB	0.0174	0.9826	0.0	common_cause	both	forward	forward	4
0	AC	0.36	0.32	0.32	common_cause	both	backward	none	4
1	AC	0.2803	0.3129	0.4067	common_cause	both	backward	backward	4
2	AC	0.2159	0.3259	0.4583	common_cause	both	none	backward	4
3	AC	0.2973	0.1152	0.5875	common_cause	both	backward	backward	4
4	AC	0.0023	0.9977	0.0	common_cause	both	forward	forward	4
5	AC	0.0044	0.9956	0.0	common_cause	both	forward	forward	4
6	AC	0.0011	0.9989	0.0	common_cause	both	forward	forward	4
7	AC	0.0033	0.9967	0.0	common_cause	both	forward	forward	4
8	AC	0.01	0.99	0.0	common_cause	both	forward	forward	4
9	AC	0.01	0.99	0.0	common_cause	both	forward	forward	4
10	AC	0.0099	0.9901	0.0	common_cause	both	forward	forward	4
0	BC	0.36	0.32	0.32	common_cause	both	none	none	4
1	BC	0.3885	0.0686	0.5429	common_cause	both	backward	backward	4
2	BC	0.3352	0.0109	0.6539	common_cause	both	backward	backward	4
3	BC	0.2079	0.014	0.7781	common_cause	both	backward	backward	4
4	BC	0.4973	0.0493	0.4534	common_cause	both	none	none	4
5	BC	0.7972	0.0969	0.106	common_cause	both	none	none	4
6	BC	0.8063	0.1725	0.0212	common_cause	both	none	none	4
7	BC	0.9083	0.0852	0.0065	common_cause	both	none	none	4
8	BC	0.9285	0.0535	0.0179	common_cause	both	none	none	4
9	BC	0.9285	0.0535	0.0179	common_cause	both	none	none	4
10	BC	0.9249	0.0572	0.0179	common_cause	both	none	none	4
0	AB	0.36	0.32	0.32	common_effect	both	none	none	4
1	AB	0.0	1.0	0.0	common_effect	both	forward	forward	4
2	AB	0.0	1.0	0.0	common_effect	both	forward	forward	4
3	AB	0.0	1.0	0.0	common_effect	both	forward	forward	4
4	AB	0.0	1.0	0.0	common_effect	both	forward	forward	4
5	AB	0.0	1.0	0.0	common_effect	both	forward	forward	4
6	AB	0.0	1.0	0.0	common_effect	both	forward	forward	4
7	AB	-0.0	1.0	0.0	common_effect	both	forward	forward	4
8	AB	0.0	1.0	0.0	common_effect	both	forward	forward	4
9	AB	0.0	1.0	0.0	common_effect	both	forward	forward	4
10	AB	0.0	1.0	0.0	common_effect	both	forward	forward	4
0	AC	0.36	0.32	0.32	common_effect	both	forward	none	4
1	AC	0.737	0.1278	0.1352	common_effect	both	none	none	4
2	AC	0.9334	0.0299	0.0367	common_effect	both	backward	none	4
3	AC	0.9865	0.0064	0.0071	common_effect	both	none	none	4
4	AC	0.9842	0.0031	0.0127	common_effect	both	none	none	4
5	AC	0.9969	0.0006	0.0026	common_effect	both	none	none	4
6	AC	0.9938	0.0007	0.0055	common_effect	both	none	none	4
7	AC	0.9825	0.0001	0.0173	common_effect	both	none	none	4
8	AC	0.969	0.0003	0.0308	common_effect	both	none	none	4
9	AC	0.9936	0.0	0.0063	common_effect	both	none	none	4
10	AC	0.994	0.0	0.006	common_effect	both	none	none	4
0	BC	0.36	0.32	0.32	common_effect	both	backward	none	4
1	BC	0.4665	0.0669	0.4665	common_effect	both	backward	none	4
2	BC	0.4925	0.015	0.4925	common_effect	both	none	none	4
3	BC	0.0989	0.0006	0.9004	common_effect	both	backward	backward	4
4	BC	0.0997	0.0011	0.8991	common_effect	both	backward	backward	4
5	BC	0.0991	0.0002	0.9007	common_effect	both	backward	backward	4
6	BC	0.0005	0.0	0.9995	common_effect	both	backward	backward	4
7	BC	0.0083	0.0	0.9917	common_effect	both	backward	backward	4
8	BC	0.0146	0.0	0.9854	common_effect	both	backward	backward	4
9	BC	0.003	0.0	0.997	common_effect	both	backward	backward	4
10	BC	0.0054	0.0	0.9946	common_effect	both	backward	backward	4
0	AB	0.36	0.32	0.32	line	both	forward	none	4
1	AB	0.2606	0.2469	0.4925	line	both	none	backward	4
2	AB	0.2124	0.2626	0.525	line	both	backward	backward	4
3	AB	0.7412	0.0762	0.1826	line	both	forward	none	4
4	AB	0.8176	0.0182	0.1642	line	both	none	none	4
5	AB	0.8116	0.0188	0.1696	line	both	none	none	4
6	AB	0.8968	0.0188	0.0845	line	both	none	none	4
7	AB	0.9892	0.0	0.0108	line	both	none	none	4
8	AB	0.9883	0.0	0.0117	line	both	none	none	4
9	AB	0.9872	0.0	0.0128	line	both	none	none	4
10	AB	0.9872	0.0	0.0128	line	both	none	none	4
0	AC	0.36	0.32	0.32	line	both	backward	none	4
1	AC	0.3155	0.4377	0.2469	line	both	none	forward	4
2	AC	0.3032	0.4342	0.2626	line	both	forward	forward	4
3	AC	0.2386	0.0755	0.6859	line	both	backward	backward	4
4	AC	0.1621	0.0108	0.8271	line	both	none	backward	4
5	AC	0.1352	0.0105	0.8543	line	both	backward	backward	4
6	AC	0.288	0.0128	0.6992	line	both	backward	backward	4
7	AC	0.0	0.0	1.0	line	both	backward	backward	4
8	AC	0.0	0.0	1.0	line	both	backward	backward	4
9	AC	0.0	0.0	1.0	line	both	backward	backward	4
10	AC	0.0	0.0	1.0	line	both	backward	backward	4
0	BC	0.36	0.32	0.32	line	both	none	none	4
1	BC	0.1111	0.8889	0.0	line	both	forward	forward	4
2	BC	0.1064	0.8936	0.0	line	both	forward	forward	4
3	BC	0.0505	0.9495	0.0	line	both	forward	forward	4
4	BC	0.0066	0.9934	0.0	line	both	forward	forward	4
5	BC	0.0069	0.9931	0.0	line	both	forward	forward	4
6	BC	0.0062	0.9938	0.0	line	both	forward	forward	4
7	BC	0.0	1.0	0.0	line	both	forward	forward	4
8	BC	0.0	1.0	0.0	line	both	forward	forward	4
9	BC	0.0	1.0	0.0	line	both	forward	forward	4
10	BC	0.0	1.0	0.0	line	both	forward	forward	4
0	AB	0.36	0.32	0.32	pair	both	forward	none	4
1	AB	0.2909	0.408	0.3011	pair	both	none	forward	4
2	AB	0.0	0.0	1.0	pair	both	backward	backward	4
3	AB	0.0	0.0	1.0	pair	both	backward	backward	4
4	AB	0.0	0.0	1.0	pair	both	backward	backward	4
5	AB	0.0	0.0	1.0	pair	both	backward	backward	4
6	AB	0.0	0.0	1.0	pair	both	backward	backward	4
7	AB	0.0	0.0	1.0	pair	both	backward	backward	4
8	AB	0.0	0.0	1.0	pair	both	backward	backward	4
9	AB	0.0	0.0	1.0	pair	both	backward	backward	4
10	AB	0.0	0.0	1.0	pair	both	backward	backward	4
0	AC	0.36	0.32	0.32	pair	both	none	none	4
1	AC	0.4053	0.5463	0.0484	pair	both	none	forward	4
2	AC	0.6594	0.334	0.0066	pair	both	none	none	4
3	AC	0.8908	0.1083	0.0009	pair	both	none	none	4
4	AC	0.8363	0.1628	0.0008	pair	both	none	none	4
5	AC	0.9755	0.0235	0.001	pair	both	none	none	4
6	AC	0.9949	0.005	0.0001	pair	both	none	none	4
7	AC	0.999	0.001	0.0	pair	both	none	none	4
8	AC	0.9998	0.0002	0.0	pair	both	none	none	4
9	AC	1.0	0.0	0.0	pair	both	none	none	4
10	AC	0.9999	0.0	0.0001	pair	both	none	none	4
0	BC	0.36	0.32	0.32	pair	both	none	none	4
1	BC	0.3216	0.408	0.2704	pair	both	backward	forward	4
2	BC	0.6355	0.3357	0.0288	pair	both	none	none	4
3	BC	0.8072	0.1084	0.0844	pair	both	none	none	4
4	BC	0.7103	0.1629	0.1268	pair	both	none	none	4
5	BC	0.9394	0.0236	0.037	pair	both	none	none	4
6	BC	0.9878	0.005	0.0071	pair	both	none	none	4
7	BC	0.9977	0.001	0.0013	pair	both	none	none	4
8	BC	0.9996	0.0002	0.0003	pair	both	none	none	4
9	BC	0.9995	0.0	0.0005	pair	both	none	none	4
10	BC	0.9999	0.0	0.0001	pair	both	none	none	4
0	AB	0.36	0.32	0.32	separate	both	forward	none	4
1	AB	0.6991	0.0908	0.2101	separate	both	none	none	4
2	AB	0.9152	0.0248	0.06	separate	both	none	none	4
3	AB	0.986	0.0066	0.0074	separate	both	none	none	4
4	AB	0.9973	0.0014	0.0013	separate	both	none	none	4
5	AB	0.9995	0.0002	0.0003	separate	both	none	none	4
6	AB	0.9995	0.0	0.0005	separate	both	none	none	4
7	AB	0.9991	0.0	0.0008	separate	both	none	none	4
8	AB	0.9998	0.0	0.0002	separate	both	none	none	4
9	AB	1.0	0.0	0.0	separate	both	none	none	4
10	AB	1.0	0.0	0.0	separate	both	none	none	4
0	AC	0.36	0.32	0.32	separate	both	none	none	4
1	AC	0.677	0.1074	0.2156	separate	both	none	none	4
2	AC	0.7062	0.2402	0.0536	separate	both	forward	none	4
3	AC	0.6253	0.3698	0.0049	separate	both	forward	none	4
4	AC	0.8862	0.1126	0.0012	separate	both	none	none	4
5	AC	0.9776	0.0222	0.0003	separate	both	none	none	4
6	AC	0.9954	0.0046	0.0	separate	both	none	none	4
7	AC	0.9992	0.0008	0.0	separate	both	none	none	4
8	AC	0.9999	0.0001	0.0	separate	both	none	none	4
9	AC	1.0	0.0	0.0	separate	both	none	none	4
10	AC	1.0	0.0	0.0	separate	both	none	none	4
0	BC	0.36	0.32	0.32	separate	both	forward	none	4
1	BC	0.3522	0.0589	0.5889	separate	both	none	backward	4
2	BC	0.7323	0.0373	0.2304	separate	both	backward	none	4
3	BC	0.9323	0.0073	0.0605	separate	both	none	none	4
4	BC	0.9679	0.0195	0.0127	separate	both	none	none	4
5	BC	0.9756	0.0221	0.0023	separate	both	none	none	4
6	BC	0.995	0.0046	0.0004	separate	both	none	none	4
7	BC	0.9991	0.0008	0.0001	separate	both	none	none	4
8	BC	0.9998	0.0001	0.0	separate	both	none	none	4
9	BC	1.0	0.0	0.0	separate	both	none	none	4
10	BC	1.0	0.0	0.0	separate	both	none	none	4
0	AB	0.36	0.32	0.32	skip	both	forward	none	4
1	AB	0.1111	0.0	0.8889	skip	both	backward	backward	4
2	AB	0.1064	0.0	0.8936	skip	both	backward	backward	4
3	AB	0.0	0.0	1.0	skip	both	backward	backward	4
4	AB	0.0	0.0	1.0	skip	both	backward	backward	4
5	AB	0.0	0.0	1.0	skip	both	backward	backward	4
6	AB	0.0	0.0	1.0	skip	both	backward	backward	4
7	AB	0.0	0.0	1.0	skip	both	backward	backward	4
8	AB	0.0	0.0	1.0	skip	both	backward	backward	4
9	AB	0.0	0.0	1.0	skip	both	backward	backward	4
10	AB	0.0	0.0	1.0	skip	both	backward	backward	4
0	AC	0.36	0.32	0.32	skip	both	backward	none	4
1	AC	0.3155	0.2469	0.4377	skip	both	backward	backward	4
2	AC	0.3032	0.2626	0.4342	skip	both	none	backward	4
3	AC	0.428	0.123	0.449	skip	both	backward	backward	4
4	AC	0.0	1.0	0.0	skip	both	forward	forward	4
5	AC	0.0	1.0	0.0	skip	both	forward	forward	4
6	AC	0.0	1.0	0.0	skip	both	forward	forward	4
7	AC	0.0	1.0	0.0	skip	both	forward	forward	4
8	AC	0.0	1.0	0.0	skip	both	forward	forward	4
9	AC	0.0	1.0	0.0	skip	both	forward	forward	4
10	AC	0.0	1.0	0.0	skip	both	forward	forward	4
0	BC	0.36	0.32	0.32	skip	both	none	none	4
1	BC	0.2606	0.4925	0.2469	skip	both	forward	forward	4
2	BC	0.2124	0.525	0.2626	skip	both	none	forward	4
3	BC	0.4955	0.2559	0.2486	skip	both	none	none	4
4	BC	0.9091	0.0909	0.0	skip	both	none	none	4
5	BC	0.9091	0.0909	0.0	skip	both	none	none	4
6	BC	0.9091	0.0909	0.0	skip	both	none	none	4
7	BC	0.9091	0.0909	0.0	skip	both	none	none	4
8	BC	0.9018	0.0982	0.0	skip	both	none	none	4
9	BC	0.9018	0.0982	0.0	skip	both	none	none	4
10	BC	0.9018	0.0982	0.0	skip	both	none	none	4
0	AB	0.36	0.32	0.32	common_cause	activations_only	backward	none	5
1	AB	0.2997	0.3502	0.3502	common_cause	activations_only	backward	forward	5
2	AB	0.2518	0.3741	0.3741	common_cause	activations_only	backward	forward	5
3	AB	0.5093	0.1303	0.3604	common_cause	activations_only	backward	none	5
4	AB	0.8351	0.0825	0.0825	common_cause	activations_only	backward	none	5
5	AB	0.7965	0.1017	0.1017	common_cause	activations_only	backward	none	5
6	AB	0.9264	0.0194	0.0542	common_cause	activations_only	none	none	5
7	AB	0.8987	0.0245	0.0768	common_cause	activations_only	none	none	5
8	AB	0.9345	0.0057	0.0598	common_cause	activations_only	none	none	5
9	AB	0.9223	0.007	0.0707	common_cause	activations_only	none	none	5
10	AB	0.913	0.008	0.079	common_cause	activations_only	none	none	5
0	AC	0.36	0.32	0.32	common_cause	activations_only	forward	none	5
1	AC	0.2997	0.3502	0.3502	common_cause	activations_only	none	forward	5
2	AC	0.2518	0.3741	0.3741	common_cause	activations_only	backward	forward	5
3	AC	0.5093	0.1303	0.3604	common_cause	activations_only	backward	none	5
4	AC	0.3514	0.2501	0.3984	common_cause	activations_only	backward	backward	5
5	AC	0.2521	0.2762	0.4718	common_cause	activations_only	backward	backward	5
6	AC	0.605	0.1208	0.2742	common_cause	activations_only	none	none	5
7	AC	0.4703	0.1557	0.374	common_cause	activations_only	backward	none	5
8	AC	0.2988	0.2311	0.4701	common_cause	activations_only	none	backward	5
9	AC	0.199	0.247	0.554	common_cause	activations_only	backward	backward	5
10	AC	0.1269	0.2558	0.6173	common_cause	activations_only	forward	backward	5
0	BC	0.36	0.32	0.32	common_cause	activations_only	forward	none	5
1	BC	0.2997	0.3502	0.3502	common_cause	activations_only	none	forward	5
2	BC	0.2518	0.3741	0.3741	common_cause	activations_only	none	forward	5
3	BC	0.1047	0.4476	0.4476	common_cause	activations_only	forward	forward	5
4	BC	0.3514	0.2501	0.3984	common_cause	activations_only	forward	backward	5
5	BC	0.2521	0.2762	0.4718	common_cause	activations_only	none	backward	5
6	BC	0.1326	0.3715	0.4959	common_cause	activations_only	none	backward	5
7	BC	0.0822	0.3784	0.5394	common_cause	activations_only	backward	backward	5
8	BC	0.3169	0.2881	0.395	common_cause	activations_only	forward	backward	5
9	BC	0.2123	0.3182	0.4696	common_cause	activations_only	forward	backward	5
10	BC	0.1355	0.3381	0.5263	common_cause	activations_only	forward	backward	5
0	AB	0.36	0.32	0.32	common_effect	activations_only	backward	none	5
1	AB	0.2997	0.3502	0.3502	common_effect	activations_only	forward	forward	5
2	AB	0.2518	0.3741	0.3741	common_effect	activations_only	backward	forward	5
3	AB	0.2271	0.3864	0.3864	common_effect	activations_only	forward	forward	5
4	AB	0.2125	0.3938	0.3938	common_effect	activations_only	backward	forward	5
5	AB	0.204	0.398	0.398	common_effect	activations_only	forward	forward	5
6	AB	0.0373	0.4813	0.4813	common_effect	activations_only	backward	forward	5
7	AB	0.0962	0.2274	0.6763	common_effect	activations_only	none	backward	5
8	AB	0.255	0.1331	0.6118	common_effect	activations_only	backward	backward	5
9	AB	0.1319	0.1986	0.6695	common_effect	activations_only	none	backward	5
10	AB	0.0791	0.1806	0.7404	common_effect	activations_only	none	backward	5
0	AC	0.36	0.32	0.32	common_effect	activations_only	forward	none	5
1	AC	0.2997	0.3502	0.3502	common_effect	activations_only	none	backward	5
2	AC	0.2518	0.3741	0.3741	common_effect	activations_only	forward	backward	5
3	AC	0.2271	0.3864	0.3864	common_effect	activations_only	backward	backward	5
4	AC	0.2125	0.3938	0.3938	common_effect	activations_only	backward	backward	5
5	AC	0.204	0.398	0.398	common_effect	activations_only	forward	backward	5
6	AC	0.3204	0.271	0.4086	common_effect	activations_only	backward	backward	5
7	AC	0.5294	0.059	0.4116	common_effect	activations_only	none	none	5
8	AC	0.6299	0.0167	0.3534	common_effect	activations_only	backward	none	5
9	AC	0.6399	0.0048	0.3553	common_effect	activations_only	backward	none	5
10	AC	0.586	0.0054	0.4086	common_effect	activations_only	none	none	5
0	BC	0.36	0.32	0.32	common_effect	activations_only	none	none	5
1	BC	0.2997	0.3502	0.3502	common_effect	activations_only	forward	forward	5
2	BC	0.2518	0.3741	0.3741	common_effect	activations_only	forward	forward	5
3	BC	0.2271	0.3864	0.3864	common_effect	activations_only	backward	forward	5
4	BC	0.2125	0.3938	0.3938	common_effect	activations_only	backward	forward	5
5	BC	0.204	0.398	0.398	common_effect	activations_only	backward	forward	5
6	BC	0.3204	0.271	0.4086	common_effect	activations_only	backward	backward	5
7	BC	0.1168	0.4545	0.4287	common_effect	activations_only	forward	forward	5
8	BC	0.0492	0.4953	0.4555	common_effect	activations_only	forward	forward	5
9	BC	0.197	0.387	0.416	common_effect	activations_only	backward	backward	5
10	BC	0.1235	0.4347	0.4419	common_effect	activations_only	none	backward	5
0	AB	0.36	0.32	0.32	line	activations_only	none	none	5
1	AB	0.2914	0.3543	0.3543	line	activations_only	forward	backward	5
2	AB	0.2518	0.3741	0.3741	line	activations_only	forward	backward	5
3	AB	0.4615	0.185	0.3535	line	activations_only	none	none	5
4	AB	0.323	0.3129	0.3641	line	activations_only	backward	backward	5
5	AB	0.2307	0.3742	0.3951	line	activations_only	backward	backward	5
6	AB	0.1594	0.4202	0.4204	line	activations_only	forward	backward	5
7	AB	0.1117	0.4508	0.4376	line	activations_only	backward	forward	5
8	AB	0.0838	0.4712	0.445	line	activations_only	backward	forward	5
9	AB	0.0672	0.4835	0.4493	line	activations_only	forward	forward	5
10	AB	0.0557	0.4883	0.456	line	activations_only	forward	forward	5
0	AC	0.36	0.32	0.32	line	activations_only	forward	none	5
1	AC	0.2914	0.3543	0.3543	line	activations_only	backward	backward	5
2	AC	0.2518	0.3741	0.3741	line	activations_only	backward	backward	5
3	AC	0.0695	0.4653	0.4653	line	activations_only	forward	backward	5
4	AC	0.2436	0.5118	0.2446	line	activations_only	forward	forward	5
5	AC	0.1738	0.5851	0.2411	line	activations_only	backward	forward	5
6	AC	0.1214	0.647	0.2315	line	activations_only	forward	forward	5
7	AC	0.0888	0.6905	0.2207	line	activations_only	forward	forward	5
8	AC	0.0721	0.7129	0.215	line	activations_only	forward	forward	5
9	AC	0.0624	0.7263	0.2113	line	activations_only	forward	forward	5
10	AC	0.0546	0.7406	0.2049	line	activations_only	forward	forward	5
0	BC	0.36	0.32	0.32	line	activations_only	forward	none	5
1	BC	0.2914	0.3543	0.3543	line	activations_only	backward	backward	5
